-0.00300000000000000
-0.00200000000000000
-0.00100000000000000
0
0.00200000000000000
0.00400000000000000
0.00400000000000000
0.00600000000000000
0.00600000000000000
0.00700000000000000
0.00800000000000000
0.00900000000000000
0.0100000000000000
0.0100000000000000
0.00800000000000000
0.00600000000000000
0.00200000000000000
-0.00100000000000000
-0.00300000000000000
-0.00300000000000000
-0.00300000000000000
-0.00100000000000000
0.00100000000000000
0.00400000000000000
0.00500000000000000
0.00400000000000000
0.00200000000000000
-0.00200000000000000
-0.00400000000000000
-0.00600000000000000
-0.00600000000000000
-0.00400000000000000
0.00100000000000000
0.00800000000000000
0.0110000000000000
0.0140000000000000
0.0130000000000000
0.0130000000000000
0.0110000000000000
0.00900000000000000
0.00600000000000000
0.00400000000000000
0.00100000000000000
0
-0.00200000000000000
-0.00400000000000000
-0.00600000000000000
-0.00600000000000000
-0.00600000000000000
-0.00600000000000000
-0.00600000000000000
-0.00500000000000000
-0.00400000000000000
-0.00200000000000000
-0.00100000000000000
-0.00100000000000000
0.00100000000000000
0.00200000000000000
0.00300000000000000
0.00400000000000000
0.00400000000000000
0.00400000000000000
0.00400000000000000
0.00200000000000000
-0.00100000000000000
-0.00200000000000000
-0.00100000000000000
-0.00100000000000000
0.00200000000000000
0.00300000000000000
0.00500000000000000
0.00700000000000000
0.00700000000000000
0.00500000000000000
0.00300000000000000
-0.00100000000000000
-0.00500000000000000
-0.00700000000000000
-0.00800000000000000
-0.00500000000000000
0
0.00500000000000000
0.0110000000000000
0.0140000000000000
0.0130000000000000
0.0110000000000000
0.00600000000000000
0.00300000000000000
-0.00100000000000000
-0.00400000000000000
-0.00400000000000000
-0.00300000000000000
-0.00100000000000000
0
0.00200000000000000
0.00300000000000000
0.00400000000000000
0.00300000000000000
0.00300000000000000
0.00100000000000000
-0.00200000000000000
-0.00500000000000000
-0.00700000000000000
-0.00700000000000000
-0.00400000000000000
0
0.00400000000000000
0.00800000000000000
0.00900000000000000
0.00900000000000000
0.00700000000000000
0.00400000000000000
0.00100000000000000
-0.00100000000000000
-0.00200000000000000
-0.00200000000000000
-0.00100000000000000
0
0.00200000000000000
0.00400000000000000
0.00600000000000000
0.00600000000000000
0.00600000000000000
0.00300000000000000
0.00200000000000000
-0.00100000000000000
-0.00200000000000000
-0.00200000000000000
0.00200000000000000
0.00400000000000000
0.00800000000000000
0.00800000000000000
0.00800000000000000
0.00800000000000000
0.00600000000000000
0.00400000000000000
0.00100000000000000
-0.00200000000000000
-0.00300000000000000
-0.00300000000000000
-0.00200000000000000
0
0.00300000000000000
0.00500000000000000
0.00600000000000000
0.00300000000000000
0
-0.00400000000000000
-0.00700000000000000
-0.00900000000000000
-0.00700000000000000
-0.00300000000000000
0.00200000000000000
0.00600000000000000
0.00900000000000000
0.00800000000000000
0.00700000000000000
0.00500000000000000
0.00500000000000000
0.00300000000000000
0
-0.00200000000000000
-0.00300000000000000
-0.00300000000000000
-0.00300000000000000
-0.00300000000000000
0
0.00200000000000000
0.00300000000000000
0.00400000000000000
0.00300000000000000
0.00100000000000000
0.00100000000000000
-0.00100000000000000
-0.00100000000000000
0
0.00100000000000000
0.00400000000000000
0.00600000000000000
0.00800000000000000
0.00900000000000000
0.00900000000000000
0.00700000000000000
0.00300000000000000
-0.00200000000000000
-0.00700000000000000
-0.00800000000000000
-0.00800000000000000
-0.00500000000000000
0
0.00300000000000000
0.00600000000000000
0.00700000000000000
0.00500000000000000
0.00300000000000000
0
-0.00200000000000000
-0.00100000000000000
-0.00100000000000000
0.00200000000000000
0.00400000000000000
0.00700000000000000
0.00700000000000000
0.00500000000000000
0.00200000000000000
-0.00200000000000000
-0.00500000000000000
-0.00800000000000000
-0.0100000000000000
-0.0110000000000000
-0.0100000000000000
-0.00700000000000000
-0.00400000000000000
0
0.00100000000000000
0.00300000000000000
0.00300000000000000
0.00400000000000000
0.00400000000000000
0.00300000000000000
0.00300000000000000
0.00300000000000000
0.00300000000000000
0.00300000000000000
0.00200000000000000
0
0.00100000000000000
0
0
0
-0.00100000000000000
-0.00400000000000000
-0.00600000000000000
-0.00900000000000000
-0.00800000000000000
-0.00400000000000000
0
0.00700000000000000
0.00900000000000000
0.0100000000000000
0.00900000000000000
0.00400000000000000
-0.00100000000000000
-0.00700000000000000
-0.00900000000000000
-0.00900000000000000
-0.00800000000000000
-0.00700000000000000
-0.00400000000000000
-0.00100000000000000
0.00100000000000000
0.00300000000000000
0.00300000000000000
0.00300000000000000
0.00200000000000000
0
-0.00200000000000000
-0.00300000000000000
-0.00100000000000000
0
0.00300000000000000
0.00600000000000000
0.00900000000000000
0.00900000000000000
0.00800000000000000
0.00500000000000000
0.00100000000000000
-0.00400000000000000
-0.00700000000000000
-0.0100000000000000
-0.00800000000000000
-0.00400000000000000
0.00300000000000000
0.00800000000000000
0.0110000000000000
0.0120000000000000
0.00800000000000000
0.00500000000000000
0
-0.00200000000000000
-0.00300000000000000
-0.00200000000000000
-0.00200000000000000
0
0
0.00100000000000000
0.00100000000000000
0.00200000000000000
0.00200000000000000
0.00300000000000000
0.00100000000000000
-0.00100000000000000
-0.00600000000000000
-0.0100000000000000
-0.0110000000000000
-0.00900000000000000
-0.00500000000000000
0.00100000000000000
0.00400000000000000
0.00800000000000000
0.00700000000000000
0.00400000000000000
0
-0.00700000000000000
-0.00900000000000000
-0.0100000000000000
-0.00700000000000000
-0.00100000000000000
0.00300000000000000
0.00700000000000000
0.00900000000000000
0.00800000000000000
0.00500000000000000
0
-0.00500000000000000
-0.00900000000000000
-0.0110000000000000
-0.0110000000000000
-0.00700000000000000
-0.00400000000000000
0.00100000000000000
0.00400000000000000
0.00500000000000000
0.00500000000000000
0.00400000000000000
0.00100000000000000
-0.00100000000000000
-0.00200000000000000
-0.00100000000000000
0
0.00300000000000000
0.00400000000000000
0.00600000000000000
0.00600000000000000
0.00700000000000000
0.00500000000000000
0.00300000000000000
0
-0.00300000000000000
-0.00700000000000000
-0.00800000000000000
-0.00900000000000000
-0.00700000000000000
-0.00400000000000000
0
0.00400000000000000
0.00600000000000000
0.00500000000000000
0.00300000000000000
0.00100000000000000
-0.00300000000000000
-0.00500000000000000
-0.00700000000000000
-0.00600000000000000
-0.00400000000000000
0.00100000000000000
0.00500000000000000
0.00900000000000000
0.0110000000000000
0.0130000000000000
0.0110000000000000
0.00800000000000000
0.00300000000000000
0
-0.00400000000000000
-0.00500000000000000
-0.00500000000000000
-0.00300000000000000
-0.00100000000000000
0.00100000000000000
0.00300000000000000
0.00200000000000000
0.00200000000000000
0.00100000000000000
0
-0.00100000000000000
-0.00300000000000000
-0.00400000000000000
-0.00300000000000000
0
0.00200000000000000
0.00600000000000000
0.00800000000000000
0.00900000000000000
0.00800000000000000
0.00300000000000000
-0.00100000000000000
-0.00500000000000000
-0.00700000000000000
-0.00900000000000000
-0.00900000000000000
-0.00800000000000000
-0.00500000000000000
-0.00300000000000000
0
0.00300000000000000
0.00600000000000000
0.00600000000000000
0.00400000000000000
0
-0.00500000000000000
-0.00900000000000000
-0.0100000000000000
-0.00700000000000000
-0.00200000000000000
0.00400000000000000
0.00800000000000000
0.00900000000000000
0.00900000000000000
0.00300000000000000
-0.00200000000000000
-0.00700000000000000
-0.00900000000000000
-0.00900000000000000
-0.00700000000000000
-0.00300000000000000
0.00100000000000000
0.00400000000000000
0.00500000000000000
0.00400000000000000
0.00300000000000000
0.00200000000000000
-0.00100000000000000
-0.00200000000000000
-0.00400000000000000
-0.00400000000000000
-0.00400000000000000
-0.00300000000000000
-0.00100000000000000
0
0.00100000000000000
0.00200000000000000
0.00400000000000000
0.00400000000000000
0.00300000000000000
0.00100000000000000
-0.00200000000000000
-0.00200000000000000
-0.00300000000000000
-0.00200000000000000
0
0.00400000000000000
0.00600000000000000
0.00900000000000000
0.00800000000000000
0.00700000000000000
0.00300000000000000
0
-0.00600000000000000
-0.00800000000000000
-0.00900000000000000
-0.00700000000000000
-0.00400000000000000
0.00100000000000000
0.00400000000000000
0.00700000000000000
0.00600000000000000
0.00300000000000000
-0.00200000000000000
-0.00700000000000000
-0.0110000000000000
-0.0130000000000000
-0.0100000000000000
-0.00700000000000000
-0.00300000000000000
-0.00100000000000000
0
0
-0.00200000000000000
-0.00300000000000000
-0.00300000000000000
-0.00200000000000000
-0.00100000000000000
0
0.00200000000000000
0.00200000000000000
0.00300000000000000
0.00400000000000000
0.00600000000000000
0.00600000000000000
0.00500000000000000
0.00300000000000000
0
-0.00300000000000000
-0.00500000000000000
-0.00700000000000000
-0.00700000000000000
-0.00500000000000000
-0.00200000000000000
0.00300000000000000
0.00700000000000000
0.00900000000000000
0.00900000000000000
0.00800000000000000
0.00500000000000000
0.00100000000000000
-0.00300000000000000
-0.00400000000000000
-0.00300000000000000
0
0.00400000000000000
0.00700000000000000
0.00800000000000000
0.00700000000000000
0.00400000000000000
-0.00100000000000000
-0.00500000000000000
-0.00700000000000000
-0.00700000000000000
-0.00500000000000000
-0.00200000000000000
0
0.00300000000000000
0.00400000000000000
0.00600000000000000
0.00600000000000000
0.00600000000000000
0.00400000000000000
0.00300000000000000
0
-0.00100000000000000
-0.00300000000000000
-0.00300000000000000
-0.00200000000000000
0
0.00300000000000000
0.00400000000000000
0.00500000000000000
0.00400000000000000
0.00100000000000000
-0.00300000000000000
-0.00600000000000000
-0.00900000000000000
-0.00900000000000000
-0.00700000000000000
-0.00300000000000000
0.00300000000000000
0.00900000000000000
0.0130000000000000
0.0130000000000000
0.0100000000000000
0.00600000000000000
0
-0.00300000000000000
-0.00500000000000000
-0.00300000000000000
0.00100000000000000
0.00500000000000000
0.0100000000000000
0.0110000000000000
0.0120000000000000
0.0110000000000000
0.0100000000000000
0.00700000000000000
0.00400000000000000
0.00100000000000000
-0.00100000000000000
-0.00300000000000000
-0.00400000000000000
-0.00200000000000000
0.00100000000000000
0.00400000000000000
0.00600000000000000
0.00700000000000000
0.00600000000000000
0.00400000000000000
0.00100000000000000
-0.00100000000000000
-0.00300000000000000
-0.00200000000000000
-0.00200000000000000
0
0.00100000000000000
0.00200000000000000
0.00300000000000000
0.00400000000000000
0.00500000000000000
0.00300000000000000
0
-0.00600000000000000
-0.0110000000000000
-0.0150000000000000
-0.0170000000000000
-0.0160000000000000
-0.0120000000000000
-0.00700000000000000
-0.00200000000000000
0.00100000000000000
0.00200000000000000
-0.00100000000000000
-0.00500000000000000
-0.0110000000000000
-0.0130000000000000
-0.0140000000000000
-0.0130000000000000
-0.0100000000000000
-0.00600000000000000
-0.00100000000000000
0.00300000000000000
0.00700000000000000
0.00800000000000000
0.00900000000000000
0.00900000000000000
0.00800000000000000
0.00500000000000000
0.00300000000000000
0.00200000000000000
0.00200000000000000
0.00500000000000000
0.00900000000000000
0.0120000000000000
0.0130000000000000
0.0110000000000000
0.00900000000000000
0.00600000000000000
0.00200000000000000
0.00100000000000000
0
0.00300000000000000
0.00700000000000000
0.0100000000000000
0.0130000000000000
0.0140000000000000
0.0120000000000000
0.0100000000000000
0.00400000000000000
0
-0.00500000000000000
-0.00600000000000000
-0.00400000000000000
0.00100000000000000
0.00800000000000000
0.0170000000000000
0.0230000000000000
0.0260000000000000
0.0250000000000000
0.0220000000000000
0.0180000000000000
0.0130000000000000
0.00800000000000000
0.00300000000000000
0
-0.00400000000000000
-0.00400000000000000
-0.00500000000000000
-0.00500000000000000
-0.00500000000000000
-0.00300000000000000
-0.00200000000000000
-0.00100000000000000
-0.00100000000000000
-0.00200000000000000
-0.00500000000000000
-0.00800000000000000
-0.0100000000000000
-0.0110000000000000
-0.0110000000000000
-0.00800000000000000
-0.00500000000000000
-0.00200000000000000
0.00100000000000000
0.00100000000000000
-0.00200000000000000
-0.00700000000000000
-0.0100000000000000
-0.0120000000000000
-0.0110000000000000
-0.00900000000000000
-0.00400000000000000
0.00200000000000000
0.00700000000000000
0.0100000000000000
0.0100000000000000
0.00900000000000000
0.00700000000000000
0.00400000000000000
0.00200000000000000
-0.00200000000000000
-0.00200000000000000
-0.00100000000000000
0.00300000000000000
0.00700000000000000
0.0110000000000000
0.0130000000000000
0.0130000000000000
0.0100000000000000
0.00600000000000000
0.00100000000000000
-0.00400000000000000
-0.00800000000000000
-0.0120000000000000
-0.0120000000000000
-0.0120000000000000
-0.0110000000000000
-0.00900000000000000
-0.00500000000000000
-0.00300000000000000
-0.00200000000000000
-0.00300000000000000
-0.00600000000000000
-0.00900000000000000
-0.0110000000000000
-0.0120000000000000
-0.00900000000000000
-0.00600000000000000
-0.00100000000000000
0.00300000000000000
0.00600000000000000
0.00600000000000000
0.00600000000000000
0.00200000000000000
-0.00100000000000000
-0.00500000000000000
-0.00600000000000000
-0.00500000000000000
-0.00300000000000000
0.00100000000000000
0.00600000000000000
0.00900000000000000
0.0100000000000000
0.00700000000000000
0.00300000000000000
-0.00100000000000000
-0.00300000000000000
-0.00600000000000000
-0.00700000000000000
-0.00700000000000000
-0.00600000000000000
-0.00600000000000000
-0.00500000000000000
-0.00400000000000000
-0.00300000000000000
-0.00200000000000000
-0.00300000000000000
-0.00400000000000000
-0.00800000000000000
-0.0110000000000000
-0.0140000000000000
-0.0130000000000000
-0.0100000000000000
-0.00500000000000000
0.00100000000000000
0.00600000000000000
0.00900000000000000
0.0120000000000000
0.0110000000000000
0.0100000000000000
0.00600000000000000
0.00400000000000000
0.00100000000000000
-0.00100000000000000
-0.00300000000000000
-0.00200000000000000
0
0.00300000000000000
0.00600000000000000
0.00700000000000000
0.00800000000000000
0.00700000000000000
0.00500000000000000
0.00300000000000000
0.00100000000000000
0.00100000000000000
0.00100000000000000
0.00200000000000000
0.00200000000000000
0.00300000000000000
0.00300000000000000
0.00300000000000000
-0.00100000000000000
-0.00400000000000000
-0.00800000000000000
-0.00900000000000000
-0.0100000000000000
-0.00800000000000000
-0.00500000000000000
-0.00100000000000000
0.00300000000000000
0.00400000000000000
0.00400000000000000
0.00300000000000000
0.00200000000000000
0.00100000000000000
-0.00100000000000000
-0.00300000000000000
-0.00500000000000000
-0.00500000000000000
-0.00400000000000000
-0.00200000000000000
0
0.00300000000000000
0.00600000000000000
0.00700000000000000
0.00500000000000000
0.00200000000000000
-0.00100000000000000
-0.00500000000000000
-0.00700000000000000
-0.00800000000000000
-0.00800000000000000
-0.00600000000000000
-0.00400000000000000
0
0.00200000000000000
0.00400000000000000
0.00400000000000000
0.00300000000000000
0
-0.00300000000000000
-0.00700000000000000
-0.00700000000000000
-0.00500000000000000
-0.00100000000000000
0.00300000000000000
0.00800000000000000
0.0120000000000000
0.0130000000000000
0.0110000000000000
0.00600000000000000
0.00100000000000000
-0.00300000000000000
-0.00500000000000000
-0.00500000000000000
-0.00300000000000000
-0.00100000000000000
0.00200000000000000
0.00300000000000000
0.00400000000000000
0.00400000000000000
0.00200000000000000
0.00100000000000000
-0.00100000000000000
-0.00300000000000000
-0.00400000000000000
-0.00400000000000000
-0.00200000000000000
0.00100000000000000
0.00400000000000000
0.00600000000000000
0.00700000000000000
0.00700000000000000
0.00600000000000000
0.00200000000000000
-0.00200000000000000
-0.00400000000000000
-0.00500000000000000
-0.00300000000000000
-0.00200000000000000
0
0.00200000000000000
0.00400000000000000
0.00500000000000000
0.00400000000000000
0.00300000000000000
0.00200000000000000
0.00100000000000000
-0.00100000000000000
-0.00300000000000000
-0.00300000000000000
-0.00300000000000000
-0.00100000000000000
0.00200000000000000
0.00600000000000000
0.00900000000000000
0.00900000000000000
0.00800000000000000
0.00400000000000000
0.00100000000000000
-0.00300000000000000
-0.00600000000000000
-0.00600000000000000
-0.00400000000000000
0.00100000000000000
0.00400000000000000
0.00700000000000000
0.00800000000000000
0.00900000000000000
0.00900000000000000
0.00900000000000000
0.00600000000000000
0.00200000000000000
-0.00300000000000000
-0.00500000000000000
-0.00700000000000000
-0.00600000000000000
-0.00300000000000000
0.00200000000000000
0.00700000000000000
0.0100000000000000
0.0100000000000000
0.0100000000000000
0.00700000000000000
0.00400000000000000
0.00100000000000000
-0.00300000000000000
-0.00500000000000000
-0.00600000000000000
-0.00700000000000000
-0.00500000000000000
-0.00400000000000000
-0.00200000000000000
0
0.00200000000000000
0.00400000000000000
0.00600000000000000
0.00900000000000000
0.0130000000000000
0.0170000000000000
0.0180000000000000
0.0160000000000000
0.0130000000000000
0.00800000000000000
0.00400000000000000
0.00100000000000000
-0.00100000000000000
0
-0.00200000000000000
-0.00200000000000000
-0.00400000000000000
-0.00600000000000000
-0.00600000000000000
-0.00700000000000000
-0.00700000000000000
-0.00600000000000000
-0.00600000000000000
-0.00500000000000000
-0.00400000000000000
-0.00500000000000000
-0.00600000000000000
-0.00800000000000000
-0.00800000000000000
-0.00600000000000000
-0.00200000000000000
0.00100000000000000
0.00600000000000000
0.0100000000000000
0.0130000000000000
0.0120000000000000
0.0100000000000000
0.00500000000000000
0
-0.00400000000000000
-0.00700000000000000
-0.00700000000000000
-0.00300000000000000
0.00200000000000000
0.00800000000000000
0.0110000000000000
0.0130000000000000
0.0110000000000000
0.00700000000000000
0.00200000000000000
-0.00300000000000000
-0.00500000000000000
-0.00700000000000000
-0.00500000000000000
-0.00300000000000000
-0.00100000000000000
-0.00100000000000000
-0.00500000000000000
-0.0110000000000000
-0.0170000000000000
-0.0210000000000000
-0.0220000000000000
-0.0210000000000000
-0.0140000000000000
-0.00600000000000000
0.00400000000000000
0.0100000000000000
0.0130000000000000
0.0140000000000000
0.0120000000000000
0.00800000000000000
0.00500000000000000
0.00100000000000000
-0.00100000000000000
-0.00200000000000000
-0.00300000000000000
-0.00200000000000000
-0.00200000000000000
0
0.00100000000000000
0.00200000000000000
0.00400000000000000
0.00400000000000000
0.00300000000000000
0.00200000000000000
-0.00300000000000000
-0.00600000000000000
-0.0100000000000000
-0.0120000000000000
-0.0110000000000000
-0.00600000000000000
0
0.00600000000000000
0.0110000000000000
0.0120000000000000
0.0100000000000000
0.00600000000000000
0.00100000000000000
-0.00300000000000000
-0.00600000000000000
-0.00400000000000000
-0.00100000000000000
0.00400000000000000
0.00600000000000000
0.00800000000000000
0.00800000000000000
0.00600000000000000
0.00500000000000000
0.00200000000000000
0
-0.00200000000000000
-0.00300000000000000
-0.00700000000000000
-0.00700000000000000
-0.00700000000000000
-0.00400000000000000
-0.00100000000000000
0.00100000000000000
0.00300000000000000
0.00500000000000000
0.00400000000000000
0.00200000000000000
-0.00200000000000000
-0.00400000000000000
-0.00500000000000000
-0.00300000000000000
-0.00100000000000000
0.00300000000000000
0.00700000000000000
0.00800000000000000
0.00800000000000000
0.00500000000000000
0.00100000000000000
-0.00400000000000000
-0.00800000000000000
-0.0100000000000000
-0.0110000000000000
-0.00900000000000000
-0.00600000000000000
-0.00100000000000000
0.00200000000000000
0.00500000000000000
0.00500000000000000
0.00600000000000000
0.00300000000000000
0
-0.00200000000000000
-0.00300000000000000
-0.00200000000000000
0.00100000000000000
0.00300000000000000
0.00400000000000000
0.00500000000000000
0.00400000000000000
0.00300000000000000
0.00100000000000000
-0.00200000000000000
-0.00300000000000000
-0.00400000000000000
-0.00400000000000000
-0.00300000000000000
-0.00100000000000000
0.00200000000000000
0.00300000000000000
0.00400000000000000
0.00300000000000000
0.00100000000000000
-0.00200000000000000
-0.00400000000000000
-0.00600000000000000
-0.00500000000000000
-0.00500000000000000
-0.00300000000000000
-0.00200000000000000
0
0.00200000000000000
0.00400000000000000
0.00600000000000000
0.00700000000000000
0.00700000000000000
0.00500000000000000
0.00200000000000000
-0.00200000000000000
-0.00500000000000000
-0.00500000000000000
-0.00500000000000000
-0.00200000000000000
0.00100000000000000
0.00500000000000000
0.00700000000000000
0.00700000000000000
0.00400000000000000
0.00200000000000000
-0.00200000000000000
-0.00500000000000000
-0.00700000000000000
-0.00700000000000000
-0.00500000000000000
-0.00200000000000000
0
0.00200000000000000
0.00200000000000000
0.00300000000000000
0.00300000000000000
0.00200000000000000
0
-0.00300000000000000
-0.00400000000000000
-0.00500000000000000
-0.00400000000000000
-0.00200000000000000
0.00200000000000000
0.00600000000000000
0.00700000000000000
0.00700000000000000
0.00400000000000000
0
-0.00500000000000000
-0.00900000000000000
-0.0110000000000000
-0.0100000000000000
-0.00700000000000000
-0.00200000000000000
0.00300000000000000
0.00800000000000000
0.0100000000000000
0.0100000000000000
0.00700000000000000
0.00400000000000000
-0.00100000000000000
-0.00400000000000000
-0.00500000000000000
-0.00500000000000000
-0.00100000000000000
0.00200000000000000
0.00500000000000000
0.00600000000000000
0.00800000000000000
0.00700000000000000
0.00500000000000000
0.00200000000000000
-0.00200000000000000
-0.00600000000000000
-0.00800000000000000
-0.00900000000000000
-0.00700000000000000
-0.00500000000000000
0
0.00400000000000000
0.00700000000000000
0.00800000000000000
0.00500000000000000
0.00100000000000000
-0.00400000000000000
-0.00800000000000000
-0.0100000000000000
-0.00800000000000000
-0.00400000000000000
0.00200000000000000
0.00700000000000000
0.0100000000000000
0.00900000000000000
0.00600000000000000
0
-0.00400000000000000
-0.00800000000000000
-0.00900000000000000
-0.00800000000000000
-0.00500000000000000
-0.00100000000000000
0.00200000000000000
0.00500000000000000
0.00600000000000000
0.00600000000000000
0.00400000000000000
0.00200000000000000
-0.00100000000000000
-0.00400000000000000
-0.00600000000000000
-0.00800000000000000
-0.00800000000000000
-0.00700000000000000
-0.00300000000000000
-0.00100000000000000
0.00100000000000000
0.00200000000000000
0.00100000000000000
0
-0.00200000000000000
-0.00300000000000000
-0.00500000000000000
-0.00400000000000000
-0.00100000000000000
0.00200000000000000
0.00400000000000000
0.00600000000000000
0.00700000000000000
0.00800000000000000
